A1 STEP 0.5 — SYNTHETIC SHORTEST-ROUTE BRANCH COUNT
env=pointmaze-large-stitch-v0 maze=[9, 12] free_cells=46
branch groups={'distance_4': 8, 'distance_5_to_19': 107}
production: routes=268 geometric_route_pairs=203 first_step_distinct_swap_pairs=186
geometric pairs by route length in cells={'5': 8, '6': 12, '7': 4, '8': 4, '9': 45, '10': 11, '11': 12, '12': 15, '13': 16, '14': 13, '15': 16, '16': 35, '17': 3, '18': 3, '19': 3, '20': 3}
first-step-distinct pairs by route length in cells={'5': 8, '6': 12, '7': 4, '8': 4, '9': 37, '10': 11, '11': 12, '12': 15, '13': 16, '14': 13, '15': 16, '16': 26, '17': 3, '18': 3, '19': 3, '20': 3}

# src -> dst | dist | routes | all pairs | swap pairs | route length cells | max separation / cell width
[1, 8] -> [3, 10] | 4 | 2 | 1 | 1 | 5 | 11.2246/4.0000
[1, 9] -> [3, 9] | 4 | 2 | 1 | 1 | 5 | 8.0000/4.0000
[1, 10] -> [3, 8] | 4 | 2 | 1 | 1 | 5 | 11.2246/4.0000
[2, 8] -> [2, 10] | 4 | 2 | 1 | 1 | 5 | 8.0000/4.0000
[2, 10] -> [2, 8] | 4 | 2 | 1 | 1 | 5 | 8.0000/4.0000
[3, 8] -> [1, 10] | 4 | 2 | 1 | 1 | 5 | 11.2246/4.0000
[3, 9] -> [1, 9] | 4 | 2 | 1 | 1 | 5 | 8.0000/4.0000
[3, 10] -> [1, 8] | 4 | 2 | 1 | 1 | 5 | 11.2246/4.0000
[1, 1] -> [3, 4] | 5 | 2 | 1 | 1 | 6 | 11.3137/4.0000
[1, 2] -> [3, 3] | 5 | 2 | 1 | 1 | 6 | 12.6491/4.0000
[1, 3] -> [3, 2] | 5 | 2 | 1 | 1 | 6 | 12.6491/4.0000
[1, 4] -> [3, 1] | 5 | 2 | 1 | 1 | 6 | 11.3137/4.0000
[1, 8] -> [4, 10] | 5 | 2 | 1 | 1 | 6 | 11.2692/4.0000
[2, 1] -> [2, 4] | 5 | 2 | 1 | 1 | 6 | 8.0000/4.0000
[2, 4] -> [2, 1] | 5 | 2 | 1 | 1 | 6 | 8.0000/4.0000
[3, 1] -> [1, 4] | 5 | 2 | 1 | 1 | 6 | 11.3137/4.0000
[3, 2] -> [1, 3] | 5 | 2 | 1 | 1 | 6 | 12.6491/4.0000
[3, 3] -> [1, 2] | 5 | 2 | 1 | 1 | 6 | 12.6491/4.0000
[3, 4] -> [1, 1] | 5 | 2 | 1 | 1 | 6 | 11.3137/4.0000
[3, 10] -> [1, 7] | 5 | 2 | 1 | 1 | 6 | 11.2692/4.0000
[1, 1] -> [3, 5] | 6 | 2 | 1 | 1 | 7 | 11.3137/4.0000
[1, 4] -> [4, 1] | 6 | 2 | 1 | 1 | 7 | 11.3137/4.0000
[1, 8] -> [5, 10] | 6 | 2 | 1 | 1 | 7 | 11.2246/4.0000
[3, 10] -> [1, 6] | 6 | 2 | 1 | 1 | 7 | 11.2246/4.0000
[1, 1] -> [3, 6] | 7 | 2 | 1 | 1 | 8 | 11.3137/4.0000
[1, 4] -> [5, 1] | 7 | 2 | 1 | 1 | 8 | 11.3137/4.0000
[1, 8] -> [5, 9] | 7 | 2 | 1 | 1 | 8 | 11.2246/4.0000
[3, 10] -> [2, 6] | 7 | 2 | 1 | 1 | 8 | 11.2246/4.0000
[1, 1] -> [2, 6] | 8 | 2 | 1 | 1 | 9 | 11.3137/4.0000
[1, 1] -> [4, 6] | 8 | 2 | 1 | 1 | 9 | 11.3137/4.0000
[1, 4] -> [5, 2] | 8 | 2 | 1 | 1 | 9 | 11.3137/4.0000
[1, 6] -> [5, 10] | 8 | 3 | 3 | 2 | 9 | 22.4492/4.0000
[1, 7] -> [5, 9] | 8 | 3 | 3 | 2 | 9 | 17.7618/4.0000
[1, 8] -> [5, 8] | 8 | 3 | 3 | 3 | 9 | 16.0000/4.0000
[1, 9] -> [5, 7] | 8 | 2 | 1 | 1 | 9 | 17.8885/4.0000
[1, 10] -> [5, 6] | 8 | 2 | 1 | 1 | 9 | 22.4492/4.0000
[2, 6] -> [4, 10] | 8 | 3 | 3 | 2 | 9 | 17.8885/4.0000
[2, 8] -> [5, 7] | 8 | 2 | 1 | 1 | 9 | 17.8885/4.0000
[2, 10] -> [4, 6] | 8 | 2 | 1 | 1 | 9 | 17.8885/4.0000
[3, 6] -> [3, 10] | 8 | 3 | 3 | 2 | 9 | 16.0000/4.0000
[3, 8] -> [5, 6] | 8 | 2 | 1 | 1 | 9 | 22.4492/4.0000
[3, 9] -> [4, 6] | 8 | 2 | 1 | 1 | 9 | 17.8885/4.0000
[3, 10] -> [3, 6] | 8 | 3 | 3 | 3 | 9 | 16.0000/4.0000
[4, 6] -> [2, 10] | 8 | 2 | 1 | 1 | 9 | 17.8885/4.0000
[4, 6] -> [3, 9] | 8 | 2 | 1 | 1 | 9 | 17.8885/4.0000
[4, 10] -> [2, 6] | 8 | 3 | 3 | 2 | 9 | 17.8885/4.0000
[5, 6] -> [1, 10] | 8 | 2 | 1 | 1 | 9 | 22.4492/4.0000
[5, 6] -> [3, 8] | 8 | 2 | 1 | 1 | 9 | 22.4492/4.0000
[5, 7] -> [1, 9] | 8 | 2 | 1 | 1 | 9 | 17.8885/4.0000
[5, 7] -> [2, 8] | 8 | 2 | 1 | 1 | 9 | 17.8885/4.0000
[5, 8] -> [1, 8] | 8 | 3 | 3 | 2 | 9 | 16.0000/4.0000
[5, 9] -> [1, 7] | 8 | 3 | 3 | 2 | 9 | 17.8885/4.0000
[5, 10] -> [1, 6] | 8 | 3 | 3 | 2 | 9 | 22.4492/4.0000
[1, 1] -> [1, 6] | 9 | 2 | 1 | 1 | 10 | 11.3137/4.0000
[1, 1] -> [5, 6] | 9 | 2 | 1 | 1 | 10 | 11.3137/4.0000
[1, 4] -> [6, 2] | 9 | 2 | 1 | 1 | 10 | 11.3137/4.0000
[1, 8] -> [6, 8] | 9 | 3 | 3 | 3 | 10 | 16.0000/4.0000
[1, 10] -> [6, 6] | 9 | 2 | 1 | 1 | 10 | 22.4492/4.0000
[3, 8] -> [6, 6] | 9 | 2 | 1 | 1 | 10 | 22.4492/4.0000
[3, 10] -> [3, 5] | 9 | 3 | 3 | 3 | 10 | 16.0000/4.0000
[1, 1] -> [1, 7] | 10 | 2 | 1 | 1 | 11 | 11.3137/4.0000
[1, 1] -> [5, 7] | 10 | 2 | 1 | 1 | 11 | 11.3137/4.0000
[1, 1] -> [6, 6] | 10 | 2 | 1 | 1 | 11 | 11.3137/4.0000
[1, 4] -> [7, 2] | 10 | 2 | 1 | 1 | 11 | 11.3137/4.0000
[1, 8] -> [7, 8] | 10 | 3 | 3 | 3 | 11 | 16.0000/4.0000
[1, 10] -> [7, 6] | 10 | 2 | 1 | 1 | 11 | 22.5383/4.0000
[3, 8] -> [7, 6] | 10 | 2 | 1 | 1 | 11 | 22.5383/4.0000
[3, 10] -> [3, 4] | 10 | 3 | 3 | 3 | 11 | 16.0000/4.0000
[1, 1] -> [1, 8] | 11 | 2 | 1 | 1 | 12 | 11.3137/4.0000
[1, 1] -> [5, 8] | 11 | 2 | 1 | 1 | 12 | 11.3137/4.0000
[1, 1] -> [7, 6] | 11 | 2 | 1 | 1 | 12 | 11.3137/4.0000
[1, 4] -> [7, 1] | 11 | 2 | 1 | 1 | 12 | 11.3137/4.0000
[1, 8] -> [7, 9] | 11 | 3 | 3 | 3 | 12 | 16.0000/4.0000
[1, 10] -> [7, 5] | 11 | 2 | 1 | 1 | 12 | 22.5383/4.0000
[3, 8] -> [7, 5] | 11 | 2 | 1 | 1 | 12 | 22.5383/4.0000
[3, 10] -> [2, 4] | 11 | 3 | 3 | 3 | 12 | 16.0000/4.0000
[3, 10] -> [3, 3] | 11 | 3 | 3 | 3 | 12 | 16.0000/4.0000
[1, 1] -> [1, 9] | 12 | 2 | 1 | 1 | 13 | 11.3137/4.0000
[1, 1] -> [2, 8] | 12 | 2 | 1 | 1 | 13 | 11.3137/4.0000
[1, 1] -> [5, 9] | 12 | 2 | 1 | 1 | 13 | 11.3137/4.0000
[1, 1] -> [6, 8] | 12 | 2 | 1 | 1 | 13 | 11.3137/4.0000
[1, 1] -> [7, 5] | 12 | 2 | 1 | 1 | 13 | 11.3137/4.0000
[1, 8] -> [7, 10] | 12 | 3 | 3 | 3 | 13 | 16.0000/4.0000
[1, 10] -> [7, 4] | 12 | 2 | 1 | 1 | 13 | 22.4492/4.0000
[3, 8] -> [7, 4] | 12 | 2 | 1 | 1 | 13 | 22.4492/4.0000
[3, 10] -> [1, 4] | 12 | 3 | 3 | 3 | 13 | 16.0000/4.0000
[3, 10] -> [3, 2] | 12 | 3 | 3 | 3 | 13 | 16.0000/4.0000
[1, 1] -> [1, 10] | 13 | 2 | 1 | 1 | 14 | 11.3137/4.0000
[1, 1] -> [3, 8] | 13 | 2 | 1 | 1 | 14 | 11.3137/4.0000
[1, 1] -> [5, 10] | 13 | 2 | 1 | 1 | 14 | 11.3137/4.0000
[1, 1] -> [7, 4] | 13 | 2 | 1 | 1 | 14 | 11.3137/4.0000
[1, 1] -> [7, 8] | 13 | 2 | 1 | 1 | 14 | 11.3137/4.0000
[1, 10] -> [6, 4] | 13 | 2 | 1 | 1 | 14 | 22.5829/4.0000
[3, 8] -> [6, 4] | 13 | 2 | 1 | 1 | 14 | 22.5829/4.0000
[3, 10] -> [1, 3] | 13 | 3 | 3 | 3 | 14 | 16.0000/4.0000
[3, 10] -> [3, 1] | 13 | 3 | 3 | 3 | 14 | 16.0000/4.0000
[1, 1] -> [2, 10] | 14 | 2 | 1 | 1 | 15 | 11.3137/4.0000
[1, 1] -> [3, 9] | 14 | 2 | 1 | 1 | 15 | 11.3137/4.0000
[1, 1] -> [4, 10] | 14 | 2 | 1 | 1 | 15 | 11.3137/4.0000
[1, 1] -> [6, 4] | 14 | 2 | 1 | 1 | 15 | 11.3137/4.0000
[1, 1] -> [7, 9] | 14 | 2 | 1 | 1 | 15 | 11.3137/4.0000
[1, 10] -> [5, 4] | 14 | 2 | 1 | 1 | 15 | 22.4492/4.0000
[3, 8] -> [5, 4] | 14 | 2 | 1 | 1 | 15 | 22.4492/4.0000
[3, 10] -> [1, 2] | 14 | 3 | 3 | 3 | 15 | 16.0000/4.0000
[3, 10] -> [2, 1] | 14 | 3 | 3 | 3 | 15 | 16.0000/4.0000
[3, 10] -> [4, 1] | 14 | 3 | 3 | 3 | 15 | 16.0000/4.0000
[1, 1] -> [3, 10] | 15 | 6 | 15 | 9 | 16 | 16.0000/4.0000
[1, 1] -> [5, 4] | 15 | 2 | 1 | 1 | 16 | 11.3137/4.0000
[1, 1] -> [7, 10] | 15 | 2 | 1 | 1 | 16 | 11.3137/4.0000
[3, 10] -> [1, 1] | 15 | 6 | 15 | 12 | 16 | 16.0000/4.0000
[3, 10] -> [5, 1] | 15 | 3 | 3 | 3 | 16 | 16.0000/4.0000
[3, 10] -> [5, 2] | 16 | 3 | 3 | 3 | 17 | 16.0000/4.0000
[3, 10] -> [6, 2] | 17 | 3 | 3 | 3 | 18 | 16.0000/4.0000
[3, 10] -> [7, 2] | 18 | 3 | 3 | 3 | 19 | 16.0000/4.0000
[3, 10] -> [7, 1] | 19 | 3 | 3 | 3 | 20 | 16.0000/4.0000
geometry converted/pass=115/115 T=128 cell_width=4.0000 max_separation_range=[8.0000, 22.5829]
E(tau) compatibility and risk/sanity-check design are included in the JSON report.
json_out=/home/cymaxwelllee/Projects/lacot/experiments/firstcuts/a1_fourcell/step05_synth_count.json
